5000 18 137
1 2 20
2 3 20
3 4 20
1 5 5
2 6 13
2 7 11
5 8 20
3 9 18
5 10 8
9 11 8
4 12 13
4 13 6
3 14 10
1 15 3
4 16 9
6 17 7
13 18 3
16 19 19
2 20 8
6 21 1
17 22 14
17 23 9
17 24 4
12 25 16
4 26 7
2 27 6
21 28 6
24 29 5
4 30 20
13 31 12
22 32 18
7 33 11
13 34 1
14 35 6
8 36 18
6 37 15
1 38 14
17 39 4
38 40 12
27 41 11
27 42 4
5 43 8
24 44 6
15 45 5
14 46 13
6 47 16
44 48 7
7 49 3
36 50 20
29 51 1
33 52 2
47 53 1
22 54 4
32 55 19
25 56 8
14 57 6
20 58 20
30 59 19
58 60 16
37 61 1
26 62 14
19 63 8
25 64 15
38 65 14
24 66 4
19 67 18
20 68 7
25 69 2
30 70 9
67 71 9
41 72 20
46 73 16
65 74 8
60 75 1
45 76 12
40 77 17
28 78 6
40 79 13
41 80 14
41 81 1
46 82 18
44 83 4
83 84 9
50 85 15
64 86 3
83 87 6
75 88 4
78 89 13
53 90 16
76 91 9
69 92 12
53 93 19
46 94 13
62 95 18
82 96 4
80 97 2
70 98 5
81 99 15
82 100 3
52 101 9
53 102 19
66 103 16
64 104 9
63 105 4
57 106 10
95 107 20
80 108 4
105 109 18
77 110 18
68 111 7
63 112 8
71 113 12
65 114 20
87 115 10
89 116 11
92 117 15
86 118 2
88 119 4
91 120 1
87 121 12
97 122 7
76 123 5
106 124 19
102 125 13
103 126 18
104 127 6
85 128 10
80 129 8
89 130 20
101 131 16
130 132 8
132 133 3
95 134 6
132 135 12
100 136 20
101 137 7
95 138 7
128 139 11
116 140 7
106 141 16
96 142 11
109 143 15
123 144 7
143 145 19
129 146 13
145 147 9
123 148 7
135 149 5
147 150 3
108 151 4
144 152 20
120 153 9
147 154 17
134 155 12
141 156 10
143 157 15
116 158 18
125 159 10
148 160 20
131 161 20
142 162 9
133 163 2
125 164 8
160 165 10
161 166 6
151 167 15
154 168 11
156 169 7
149 170 8
166 171 5
122 172 5
161 173 8
168 174 11
163 175 19
136 176 18
154 177 20
167 178 13
151 179 2
173 180 17
145 181 1
137 182 5
146 183 20
149 184 12
176 185 16
164 186 7
163 187 16
149 188 2
176 189 12
184 190 3
162 191 8
190 192 20
168 193 4
152 194 18
150 195 14
177 196 11
184 197 8
191 198 10
192 199 10
198 200 13
170 201 8
192 202 10
197 203 11
202 204 9
189 205 1
189 206 6
159 207 2
194 208 16
183 209 14
200 210 12
197 211 14
167 212 4
171 213 18
187 214 15
169 215 1
178 216 20
169 217 16
201 218 11
194 219 15
215 220 1
195 221 18
185 222 11
203 223 11
196 224 4
221 225 19
197 226 2
181 227 14
190 228 14
207 229 13
223 230 11
186 231 18
193 232 16
230 233 17
203 234 19
185 235 4
228 236 3
204 237 14
209 238 8
197 239 12
220 240 6
214 241 10
198 242 8
201 243 11
200 244 20
225 245 14
239 246 8
198 247 5
200 248 1
247 249 14
215 250 2
243 251 14
225 252 14
221 253 2
229 254 2
222 255 3
239 256 17
231 257 12
254 258 13
256 259 1
225 260 8
247 261 17
216 262 13
240 263 16
244 264 9
256 265 12
230 266 17
222 267 12
241 268 19
238 269 5
249 270 18
235 271 18
260 272 1
251 273 13
251 274 1
230 275 11
243 276 20
233 277 14
236 278 6
237 279 1
264 280 6
244 281 1
241 282 13
251 283 3
274 284 19
239 285 11
277 286 1
274 287 5
273 288 9
259 289 1
243 290 11
265 291 5
262 292 5
289 293 9
264 294 9
270 295 13
267 296 16
248 297 17
249 298 3
269 299 12
292 300 12
252 301 17
286 302 8
290 303 12
264 304 20
261 305 2
292 306 11
276 307 14
273 308 3
301 309 20
280 310 4
290 311 1
262 312 18
310 313 8
268 314 16
267 315 12
300 316 8
270 317 2
275 318 20
314 319 20
289 320 19
282 321 10
281 322 20
295 323 13
303 324 15
321 325 1
285 326 11
291 327 8
284 328 12
302 329 3
310 330 19
308 331 6
295 332 9
313 333 1
319 334 1
314 335 7
317 336 10
308 337 16
300 338 3
324 339 15
321 340 10
302 341 8
303 342 9
336 343 6
304 344 3
302 345 13
302 346 14
308 347 18
339 348 9
341 349 13
340 350 17
319 351 6
319 352 5
311 353 12
316 354 12
310 355 14
323 356 13
353 357 15
346 358 3
315 359 5
337 360 20
323 361 8
354 362 18
341 363 9
344 364 12
315 365 1
363 366 2
360 367 17
345 368 14
345 369 2
333 370 7
339 371 19
367 372 12
356 373 3
333 374 5
369 375 17
329 376 8
372 377 16
368 378 8
340 379 6
352 380 2
372 381 4
337 382 6
366 383 3
342 384 4
355 385 6
382 386 19
381 387 3
345 388 17
380 389 17
344 390 19
383 391 3
366 392 16
363 393 2
349 394 16
360 395 2
364 396 16
357 397 6
357 398 14
353 399 14
388 400 17
375 401 11
377 402 4
383 403 13
384 404 8
365 405 1
378 406 9
396 407 20
364 408 4
385 409 1
377 410 7
378 411 6
369 412 4
378 413 5
382 414 11
411 415 16
403 416 4
412 417 13
368 418 17
418 419 5
413 420 9
411 421 8
416 422 11
414 423 8
411 424 10
401 425 16
415 426 6
406 427 3
387 428 10
381 429 6
399 430 20
405 431 14
390 432 17
398 433 19
425 434 14
416 435 12
412 436 3
397 437 20
400 438 7
419 439 12
416 440 2
439 441 10
403 442 9
421 443 11
442 444 7
423 445 11
407 446 20
409 447 1
416 448 10
407 449 14
438 450 14
437 451 3
410 452 7
414 453 20
453 454 20
422 455 10
415 456 14
452 457 8
439 458 4
449 459 12
442 460 5
442 461 6
418 462 3
432 463 2
425 464 13
421 465 2
443 466 20
457 467 20
435 468 6
459 469 18
451 470 16
453 471 8
429 472 5
445 473 19
441 474 9
464 475 14
454 476 4
473 477 7
447 478 17
462 479 20
431 480 11
448 481 15
469 482 20
449 483 4
479 484 4
468 485 18
473 486 6
460 487 3
461 488 15
448 489 16
446 490 4
455 491 7
486 492 3
472 493 1
461 494 16
448 495 8
478 496 18
489 497 5
470 498 8
457 499 17
461 500 5
481 501 11
453 502 14
497 503 11
466 504 19
464 505 16
457 506 13
492 507 8
496 508 3
460 509 2
484 510 12
482 511 14
498 512 17
483 513 8
485 514 20
483 515 10
507 516 20
514 517 10
494 518 6
504 519 14
505 520 9
488 521 11
502 522 3
517 523 10
511 524 3
502 525 1
508 526 4
503 527 18
527 528 15
504 529 9
520 530 20
511 531 8
520 532 1
513 533 9
489 534 1
533 535 11
500 536 16
501 537 18
522 538 5
513 539 7
516 540 18
500 541 10
500 542 7
510 543 4
523 544 16
515 545 15
538 546 2
542 547 19
510 548 3
532 549 14
549 550 8
522 551 5
545 552 7
510 553 6
530 554 20
526 555 5
533 556 13
536 557 17
555 558 1
514 559 13
528 560 4
540 561 19
515 562 4
520 563 7
542 564 13
520 565 6
564 566 16
555 567 3
519 568 4
557 569 5
530 570 16
549 571 12
563 572 18
572 573 1
535 574 7
570 575 6
548 576 7
568 577 7
529 578 15
547 579 14
553 580 3
554 581 3
562 582 16
538 583 18
580 584 2
559 585 13
559 586 10
542 587 9
542 588 12
586 589 18
578 590 9
582 591 15
559 592 12
561 593 4
591 594 13
548 595 4
572 596 7
565 597 12
549 598 2
597 599 10
571 600 15
587 601 10
552 602 16
594 603 3
579 604 6
604 605 1
594 606 12
603 607 13
574 608 16
605 609 10
566 610 18
595 611 20
584 612 12
607 613 12
592 614 3
582 615 3
603 616 12
586 617 9
581 618 15
572 619 6
599 620 9
604 621 4
604 622 10
582 623 1
606 624 12
612 625 3
609 626 1
622 627 6
621 628 15
596 629 4
613 630 9
604 631 12
621 632 19
589 633 13
626 634 4
588 635 4
610 636 11
625 637 12
621 638 6
589 639 15
606 640 9
627 641 8
634 642 10
640 643 10
635 644 10
623 645 11
638 646 13
617 647 9
602 648 15
609 649 13
626 650 6
602 651 16
643 652 10
629 653 15
640 654 5
607 655 12
617 656 3
655 657 17
627 658 7
649 659 2
647 660 10
649 661 7
623 662 1
633 663 2
631 664 9
638 665 4
641 666 14
658 667 2
636 668 18
654 669 9
624 670 15
659 671 20
670 672 10
623 673 11
662 674 4
659 675 2
633 676 15
648 677 12
654 678 11
676 679 11
665 680 10
650 681 20
673 682 6
670 683 14
659 684 15
642 685 19
643 686 19
660 687 20
647 688 16
676 689 5
670 690 10
679 691 20
647 692 16
643 693 10
653 694 17
668 695 20
646 696 12
693 697 5
690 698 16
679 699 11
655 700 6
651 701 19
662 702 5
659 703 17
685 704 5
664 705 5
685 706 11
688 707 17
666 708 6
668 709 5
709 710 20
682 711 11
677 712 16
707 713 19
681 714 11
703 715 18
684 716 4
685 717 20
689 718 15
676 719 3
701 720 7
716 721 8
681 722 6
691 723 7
687 724 12
695 725 6
716 726 6
679 727 20
683 728 15
721 729 20
681 730 9
699 731 20
727 732 13
719 733 5
701 734 6
687 735 12
731 736 9
722 737 4
723 738 15
702 739 11
721 740 19
712 741 1
698 742 16
696 743 4
702 744 16
705 745 7
703 746 5
737 747 12
718 748 17
720 749 16
733 750 6
724 751 11
705 752 18
736 753 15
736 754 20
712 755 9
739 756 12
736 757 10
721 758 18
720 759 14
745 760 20
726 761 11
739 762 1
715 763 5
733 764 20
718 765 8
745 766 16
765 767 13
738 768 20
744 769 2
729 770 2
766 771 17
771 772 11
735 773 1
768 774 9
771 775 2
748 776 3
729 777 19
769 778 12
774 779 14
763 780 8
765 781 5
741 782 7
734 783 12
762 784 15
745 785 1
775 786 3
759 787 3
741 788 9
770 789 7
749 790 10
767 791 14
770 792 1
789 793 16
753 794 13
780 795 20
781 796 12
754 797 11
785 798 9
778 799 9
773 800 19
751 801 7
786 802 16
798 803 8
797 804 12
804 805 12
781 806 4
793 807 5
764 808 11
791 809 4
763 810 15
765 811 16
796 812 4
798 813 9
768 814 18
768 815 5
772 816 12
802 817 11
777 818 8
803 819 10
817 820 11
796 821 20
775 822 13
818 823 13
800 824 4
809 825 4
816 826 4
780 827 2
798 828 16
779 829 17
787 830 15
822 831 8
816 832 8
791 833 6
824 834 15
800 835 17
830 836 18
811 837 1
819 838 9
823 839 19
811 840 11
816 841 11
793 842 12
825 843 6
800 844 13
810 845 4
840 846 11
832 847 17
847 848 12
821 849 19
803 850 12
804 851 6
840 852 14
849 853 9
806 854 11
837 855 15
841 856 16
830 857 3
853 858 2
825 859 7
856 860 13
850 861 6
816 862 9
817 863 16
846 864 8
838 865 3
847 866 14
835 867 1
846 868 14
838 869 18
866 870 9
853 871 18
856 872 17
823 873 20
858 874 17
866 875 20
874 876 9
850 877 1
857 878 4
872 879 16
872 880 1
859 881 10
853 882 19
856 883 3
847 884 5
838 885 17
857 886 8
873 887 19
838 888 18
839 889 6
868 890 19
853 891 14
847 892 17
865 893 20
880 894 11
849 895 20
892 896 3
890 897 9
856 898 12
876 899 13
879 900 10
869 901 13
888 902 17
890 903 12
902 904 11
902 905 7
900 906 12
881 907 3
898 908 10
889 909 10
891 910 12
864 911 5
908 912 16
899 913 11
890 914 17
904 915 2
875 916 11
916 917 6
879 918 17
875 919 18
901 920 1
889 921 11
916 922 5
875 923 11
916 924 12
897 925 5
882 926 3
903 927 14
885 928 2
889 929 15
886 930 1
915 931 15
894 932 7
888 933 3
916 934 20
899 935 13
925 936 6
925 937 8
912 938 17
914 939 11
907 940 15
895 941 13
935 942 9
926 943 12
912 944 15
916 945 8
937 946 7
924 947 15
939 948 6
926 949 15
909 950 17
917 951 8
919 952 18
943 953 13
927 954 16
917 955 19
921 956 18
936 957 11
939 958 6
928 959 10
911 960 5
951 961 4
960 962 7
918 963 10
917 964 11
924 965 20
941 966 10
957 967 4
925 968 6
921 969 18
951 970 3
947 971 16
961 972 13
932 973 5
931 974 18
943 975 10
947 976 17
951 977 2
957 978 15
959 979 6
975 980 14
940 981 11
968 982 10
963 983 8
982 984 4
979 985 2
944 986 4
985 987 8
948 988 7
949 989 15
953 990 18
956 991 8
952 992 17
989 993 10
980 994 1
978 995 20
984 996 13
964 997 11
951 998 10
991 999 13
962 1000 6
967 1001 20
965 1002 12
985 1003 9
976 1004 8
960 1005 5
980 1006 11
993 1007 13
1000 1008 5
966 1009 3
961 1010 16
991 1011 11
984 1012 10
982 1013 13
990 1014 12
1000 1015 5
978 1016 11
989 1017 13
974 1018 20
973 1019 13
995 1020 13
1019 1021 10
974 1022 17
1021 1023 19
998 1024 12
999 1025 14
999 1026 14
992 1027 3
1026 1028 14
979 1029 14
989 1030 8
1002 1031 19
1010 1032 11
988 1033 13
984 1034 13
986 1035 19
1034 1036 13
1011 1037 2
998 1038 5
1016 1039 4
1014 1040 16
1007 1041 12
1026 1042 6
1031 1043 4
1026 1044 10
1007 1045 20
997 1046 2
1022 1047 15
1025 1048 2
1025 1049 15
1043 1050 5
1040 1051 17
1036 1052 10
1026 1053 18
1026 1054 1
1045 1055 4
1044 1056 11
1040 1057 11
1008 1058 5
1024 1059 14
1025 1060 5
1040 1061 14
1012 1062 9
1038 1063 18
1054 1064 12
1049 1065 19
1023 1066 9
1029 1067 10
1048 1068 17
1029 1069 10
1036 1070 14
1050 1071 4
1053 1072 2
1048 1073 2
1030 1074 19
1059 1075 10
1075 1076 7
1056 1077 12
1065 1078 16
1077 1079 16
1064 1080 6
1078 1081 12
1049 1082 19
1061 1083 8
1052 1084 17
1057 1085 9
1078 1086 6
1063 1087 19
1070 1088 18
1042 1089 11
1045 1090 20
1090 1091 17
1084 1092 14
1048 1093 13
1065 1094 4
1057 1095 5
1077 1096 10
1077 1097 5
1073 1098 15
1087 1099 19
1079 1100 16
1053 1101 19
1076 1102 17
1058 1103 15
1066 1104 9
1071 1105 4
1099 1106 16
1087 1107 11
1094 1108 5
1091 1109 7
1064 1110 19
1109 1111 16
1077 1112 6
1081 1113 18
1082 1114 20
1108 1115 18
1087 1116 2
1097 1117 20
1086 1118 5
1087 1119 12
1081 1120 15
1087 1121 16
1081 1122 8
1100 1123 18
1088 1124 3
1088 1125 15
1123 1126 6
1090 1127 19
1123 1128 20
1084 1129 16
1129 1130 4
1125 1131 15
1116 1132 20
1095 1133 20
1101 1134 18
1107 1135 19
1120 1136 7
1104 1137 9
1090 1138 1
1118 1139 6
1139 1140 8
1113 1141 13
1139 1142 3
1117 1143 9
1116 1144 19
1108 1145 3
1134 1146 10
1137 1147 8
1100 1148 9
1113 1149 5
1147 1150 19
1116 1151 13
1151 1152 12
1127 1153 17
1122 1154 1
1113 1155 13
1131 1156 9
1125 1157 19
1141 1158 12
1122 1159 17
1146 1160 4
1142 1161 19
1143 1162 2
1113 1163 16
1120 1164 8
1149 1165 6
1126 1166 1
1152 1167 8
1164 1168 9
1151 1169 12
1167 1170 12
1147 1171 7
1142 1172 7
1171 1173 6
1171 1174 16
1159 1175 5
1147 1176 14
1155 1177 11
1132 1178 14
1129 1179 8
1169 1180 7
1131 1181 6
1169 1182 16
1168 1183 3
1157 1184 6
1162 1185 11
1165 1186 16
1157 1187 18
1185 1188 12
1156 1189 5
1181 1190 11
1173 1191 18
1170 1192 4
1143 1193 10
1157 1194 17
1170 1195 19
1164 1196 14
1188 1197 14
1183 1198 9
1196 1199 7
1196 1200 11
1195 1201 1
1162 1202 17
1180 1203 14
1188 1204 1
1175 1205 8
1186 1206 17
1174 1207 12
1192 1208 15
1193 1209 3
1168 1210 17
1161 1211 9
1208 1212 4
1202 1213 8
1185 1214 9
1209 1215 18
1199 1216 5
1167 1217 1
1188 1218 14
1197 1219 1
1170 1220 3
1201 1221 14
1187 1222 5
1186 1223 7
1189 1224 8
1201 1225 8
1203 1226 7
1221 1227 11
1179 1228 7
1183 1229 12
1204 1230 7
1230 1231 19
1213 1232 10
1228 1233 15
1187 1234 17
1226 1235 11
1189 1236 16
1227 1237 17
1233 1238 1
1220 1239 15
1230 1240 4
1199 1241 18
1204 1242 10
1204 1243 7
1213 1244 5
1208 1245 20
1203 1246 4
1207 1247 11
1225 1248 3
1235 1249 20
1210 1250 9
1243 1251 19
1241 1252 19
1220 1253 15
1230 1254 12
1225 1255 3
1251 1256 17
1244 1257 14
1257 1258 18
1209 1259 17
1245 1260 4
1234 1261 19
1235 1262 4
1217 1263 14
1251 1264 5
1237 1265 8
1223 1266 11
1237 1267 14
1266 1268 15
1244 1269 12
1247 1270 1
1239 1271 19
1270 1272 11
1238 1273 17
1265 1274 14
1245 1275 3
1273 1276 12
1250 1277 3
1228 1278 14
1259 1279 8
1262 1280 17
1231 1281 17
1237 1282 15
1254 1283 14
1278 1284 5
1272 1285 20
1276 1286 6
1282 1287 2
1276 1288 1
1279 1289 20
1272 1290 8
1258 1291 5
1246 1292 7
1260 1293 7
1288 1294 5
1274 1295 20
1292 1296 5
1282 1297 18
1274 1298 4
1251 1299 19
1276 1300 12
1279 1301 6
1254 1302 17
1281 1303 12
1268 1304 5
1297 1305 2
1283 1306 5
1269 1307 9
1274 1308 12
1272 1309 9
1307 1310 15
1289 1311 6
1311 1312 12
1292 1313 14
1285 1314 16
1283 1315 16
1303 1316 9
1271 1317 3
1311 1318 11
1270 1319 18
1319 1320 13
1294 1321 17
1312 1322 6
1319 1323 13
1299 1324 18
1292 1325 3
1297 1326 8
1318 1327 7
1295 1328 12
1290 1329 5
1312 1330 16
1316 1331 19
1329 1332 12
1284 1333 14
1331 1334 10
1334 1335 17
1315 1336 10
1306 1337 14
1302 1338 16
1306 1339 13
1325 1340 5
1327 1341 3
1339 1342 13
1293 1343 8
1323 1344 14
1300 1345 7
1312 1346 7
1344 1347 7
1316 1348 20
1318 1349 19
1345 1350 16
1321 1351 18
1313 1352 12
1308 1353 17
1347 1354 1
1316 1355 1
1348 1356 17
1325 1357 12
1357 1358 3
1318 1359 10
1354 1360 4
1322 1361 1
1322 1362 9
1345 1363 14
1347 1364 1
1353 1365 9
1348 1366 3
1358 1367 10
1337 1368 19
1345 1369 5
1335 1370 20
1343 1371 16
1348 1372 8
1355 1373 19
1361 1374 12
1335 1375 8
1355 1376 17
1349 1377 3
1337 1378 18
1361 1379 4
1359 1380 4
1378 1381 6
1362 1382 13
1335 1383 1
1340 1384 13
1371 1385 17
1378 1386 20
1368 1387 9
1372 1388 18
1359 1389 11
1374 1390 9
1375 1391 15
1359 1392 3
1380 1393 4
1353 1394 1
1393 1395 10
1388 1396 3
1376 1397 15
1351 1398 15
1357 1399 17
1389 1400 14
1382 1401 7
1371 1402 14
1355 1403 14
1359 1404 3
1400 1405 10
1367 1406 20
1364 1407 2
1359 1408 20
1399 1409 20
1389 1410 7
1391 1411 7
1370 1412 12
1384 1413 6
1373 1414 3
1407 1415 11
1407 1416 20
1378 1417 11
1377 1418 1
1400 1419 9
1379 1420 3
1413 1421 14
1387 1422 16
1412 1423 20
1378 1424 12
1377 1425 13
1383 1426 16
1409 1427 18
1407 1428 2
1412 1429 6
1390 1430 17
1427 1431 2
1407 1432 4
1422 1433 11
1387 1434 16
1392 1435 20
1396 1436 5
1404 1437 6
1396 1438 5
1426 1439 3
1429 1440 16
1420 1441 6
1432 1442 13
1433 1443 11
1413 1444 19
1430 1445 10
1439 1446 11
1433 1447 14
1443 1448 19
1424 1449 18
1413 1450 11
1409 1451 15
1428 1452 13
1446 1453 1
1412 1454 6
1415 1455 4
1450 1456 19
1433 1457 10
1446 1458 16
1453 1459 10
1410 1460 18
1433 1461 1
1448 1462 7
1460 1463 9
1442 1464 11
1446 1465 14
1454 1466 1
1446 1467 10
1451 1468 18
1423 1469 17
1450 1470 19
1448 1471 7
1431 1472 11
1453 1473 11
1433 1474 6
1456 1475 4
1468 1476 5
1454 1477 11
1441 1478 13
1460 1479 13
1460 1480 8
1466 1481 9
1446 1482 20
1462 1483 18
1466 1484 16
1462 1485 20
1440 1486 14
1469 1487 17
1466 1488 12
1449 1489 14
1477 1490 14
1442 1491 1
1486 1492 20
1457 1493 4
1481 1494 7
1449 1495 8
1485 1496 15
1473 1497 2
1463 1498 1
1451 1499 10
1498 1500 7
1473 1501 14
1458 1502 13
1471 1503 5
1457 1504 8
1470 1505 8
1499 1506 15
1470 1507 3
1502 1508 18
1484 1509 12
1469 1510 19
1478 1511 14
1498 1512 18
1475 1513 13
1498 1514 14
1469 1515 10
1503 1516 14
1471 1517 2
1515 1518 19
1488 1519 15
1476 1520 3
1494 1521 7
1520 1522 4
1478 1523 16
1477 1524 16
1509 1525 9
1500 1526 4
1511 1527 15
1496 1528 12
1503 1529 10
1516 1530 17
1501 1531 1
1493 1532 17
1509 1533 9
1502 1534 4
1526 1535 17
1486 1536 4
1493 1537 14
1506 1538 9
1529 1539 1
1516 1540 10
1531 1541 16
1540 1542 2
1536 1543 8
1529 1544 17
1520 1545 17
1530 1546 20
1512 1547 3
1517 1548 10
1508 1549 16
1514 1550 4
1550 1551 3
1522 1552 15
1506 1553 11
1531 1554 9
1526 1555 6
1551 1556 12
1526 1557 19
1518 1558 1
1514 1559 9
1520 1560 5
1539 1561 4
1552 1562 15
1549 1563 6
1562 1564 6
1563 1565 2
1535 1566 18
1546 1567 18
1521 1568 10
1543 1569 16
1526 1570 20
1560 1571 4
1566 1572 1
1530 1573 19
1545 1574 13
1537 1575 1
1530 1576 19
1532 1577 5
1560 1578 17
1540 1579 16
1574 1580 16
1560 1581 17
1571 1582 7
1569 1583 4
1542 1584 19
1584 1585 3
1574 1586 3
1540 1587 17
1564 1588 13
1556 1589 2
1566 1590 3
1580 1591 15
1581 1592 8
1558 1593 7
1574 1594 15
1571 1595 16
1569 1596 8
1580 1597 18
1557 1598 7
1592 1599 13
1554 1600 7
1561 1601 19
1570 1602 7
1592 1603 11
1597 1604 13
1560 1605 17
1556 1606 10
1570 1607 12
1577 1608 2
1563 1609 18
1563 1610 7
1577 1611 5
1570 1612 15
1602 1613 20
1607 1614 20
1594 1615 5
1583 1616 6
1586 1617 18
1600 1618 11
1598 1619 6
1619 1620 2
1582 1621 5
1612 1622 6
1620 1623 1
1618 1624 2
1600 1625 6
1596 1626 8
1599 1627 17
1608 1628 4
1582 1629 5
1592 1630 6
1591 1631 5
1616 1632 6
1611 1633 13
1593 1634 20
1590 1635 19
1624 1636 11
1606 1637 12
1594 1638 6
1630 1639 11
1624 1640 8
1638 1641 3
1609 1642 15
1627 1643 14
1607 1644 11
1606 1645 3
1645 1646 6
1630 1647 15
1617 1648 18
1628 1649 1
1609 1650 14
1609 1651 10
1619 1652 7
1603 1653 16
1630 1654 16
1652 1655 11
1643 1656 6
1647 1657 3
1614 1658 16
1623 1659 8
1614 1660 9
1621 1661 5
1621 1662 16
1625 1663 7
1652 1664 11
1661 1665 6
1651 1666 11
1650 1667 11
1651 1668 8
1622 1669 5
1661 1670 7
1643 1671 9
1658 1672 2
1647 1673 11
1652 1674 16
1633 1675 16
1671 1676 14
1655 1677 19
1672 1678 2
1672 1679 17
1678 1680 11
1656 1681 11
1663 1682 6
1637 1683 2
1636 1684 1
1666 1685 10
1680 1686 18
1676 1687 16
1657 1688 13
1660 1689 9
1667 1690 2
1688 1691 3
1649 1692 13
1672 1693 2
1669 1694 10
1646 1695 13
1680 1696 18
1658 1697 19
1660 1698 18
1664 1699 1
1653 1700 4
1653 1701 12
1689 1702 4
1662 1703 14
1660 1704 20
1661 1705 20
1688 1706 9
1666 1707 2
1689 1708 14
1699 1709 12
1663 1710 2
1669 1711 19
1697 1712 14
1679 1713 19
1691 1714 18
1678 1715 17
1699 1716 14
1678 1717 6
1702 1718 2
1703 1719 14
1699 1720 18
1700 1721 18
1696 1722 15
1691 1723 7
1719 1724 8
1695 1725 4
1679 1726 6
1689 1727 11
1699 1728 19
1707 1729 3
1684 1730 14
1701 1731 16
1688 1732 8
1701 1733 18
1686 1734 8
1703 1735 17
1710 1736 16
1697 1737 14
1735 1738 16
1725 1739 18
1739 1740 13
1704 1741 18
1741 1742 10
1711 1743 13
1721 1744 13
1718 1745 19
1745 1746 3
1701 1747 16
1708 1748 9
1714 1749 10
1727 1750 5
1730 1751 20
1743 1752 6
1734 1753 17
1713 1754 14
1726 1755 16
1708 1756 4
1722 1757 7
1710 1758 18
1727 1759 5
1744 1760 8
1729 1761 1
1743 1762 17
1730 1763 12
1755 1764 2
1749 1765 13
1742 1766 14
1724 1767 20
1741 1768 4
1743 1769 17
1757 1770 2
1735 1771 3
1747 1772 18
1772 1773 19
1768 1774 12
1749 1775 9
1766 1776 3
1770 1777 16
1740 1778 5
1772 1779 2
1758 1780 1
1748 1781 13
1781 1782 16
1779 1783 3
1772 1784 18
1782 1785 19
1760 1786 3
1737 1787 6
1774 1788 16
1751 1789 19
1758 1790 6
1769 1791 10
1790 1792 5
1763 1793 2
1776 1794 14
1746 1795 17
1782 1796 11
1774 1797 9
1773 1798 15
1767 1799 20
1778 1800 11
1753 1801 16
1758 1802 7
1764 1803 15
1789 1804 20
1796 1805 6
1759 1806 20
1794 1807 10
1780 1808 8
1779 1809 3
1797 1810 18
1773 1811 9
1784 1812 9
1782 1813 5
1789 1814 9
1807 1815 2
1796 1816 12
1792 1817 10
1782 1818 17
1799 1819 19
1772 1820 1
1779 1821 20
1772 1822 6
1793 1823 20
1822 1824 4
1779 1825 14
1807 1826 13
1817 1827 6
1827 1828 3
1780 1829 1
1803 1830 6
1809 1831 3
1831 1832 9
1796 1833 7
1803 1834 8
1786 1835 6
1802 1836 3
1790 1837 15
1811 1838 8
1803 1839 4
1799 1840 3
1810 1841 13
1806 1842 10
1839 1843 3
1824 1844 12
1797 1845 3
1838 1846 20
1828 1847 6
1821 1848 13
1818 1849 15
1801 1850 16
1803 1851 15
1810 1852 20
1840 1853 20
1819 1854 17
1835 1855 14
1850 1856 19
1836 1857 12
1856 1858 14
1840 1859 5
1858 1860 17
1824 1861 2
1828 1862 7
1833 1863 20
1852 1864 1
1853 1865 20
1844 1866 15
1821 1867 2
1842 1868 7
1833 1869 5
1829 1870 11
1829 1871 17
1853 1872 2
1850 1873 17
1831 1874 7
1847 1875 14
1840 1876 14
1861 1877 6
1858 1878 7
1841 1879 11
1859 1880 4
1853 1881 11
1838 1882 10
1877 1883 10
1872 1884 8
1837 1885 15
1837 1886 2
1843 1887 5
1862 1888 20
1856 1889 2
1876 1890 4
1883 1891 7
1865 1892 8
1868 1893 17
1888 1894 6
1861 1895 1
1846 1896 5
1860 1897 9
1852 1898 4
1852 1899 12
1888 1900 10
1894 1901 19
1853 1902 3
1883 1903 14
1866 1904 7
1885 1905 5
1879 1906 8
1860 1907 16
1881 1908 7
1880 1909 8
1874 1910 14
1873 1911 2
1866 1912 13
1871 1913 17
1882 1914 18
1895 1915 16
1867 1916 13
1900 1917 11
1913 1918 6
1884 1919 6
1872 1920 10
1915 1921 3
1883 1922 6
1890 1923 11
1917 1924 5
1875 1925 9
1879 1926 3
1898 1927 17
1902 1928 4
1914 1929 10
1889 1930 18
1923 1931 19
1886 1932 13
1899 1933 19
1931 1934 20
1886 1935 6
1919 1936 13
1909 1937 11
1933 1938 4
1909 1939 5
1900 1940 4
1910 1941 15
1935 1942 20
1916 1943 6
1897 1944 16
1940 1945 20
1921 1946 6
1899 1947 2
1930 1948 11
1920 1949 8
1948 1950 10
1933 1951 19
1934 1952 10
1913 1953 2
1932 1954 13
1954 1955 7
1930 1956 15
1953 1957 16
1926 1958 17
1954 1959 1
1930 1960 15
1915 1961 3
1917 1962 9
1959 1963 1
1944 1964 10
1939 1965 20
1957 1966 12
1959 1967 14
1945 1968 1
1935 1969 3
1960 1970 12
1939 1971 18
1951 1972 4
1968 1973 6
1965 1974 8
1964 1975 12
1964 1976 12
1966 1977 17
1939 1978 14
1965 1979 14
1978 1980 3
1934 1981 5
1955 1982 4
1936 1983 4
1983 1984 11
1952 1985 17
1946 1986 17
1958 1987 10
1961 1988 15
1974 1989 12
1944 1990 20
1973 1991 5
1972 1992 16
1987 1993 16
1947 1994 1
1992 1995 1
1983 1996 5
1973 1997 1
1953 1998 13
1983 1999 9
1997 2000 18
1987 2001 8
1953 2002 4
1989 2003 16
1955 2004 7
1974 2005 6
1972 2006 8
1977 2007 12
1968 2008 6
1975 2009 3
2004 2010 12
1963 2011 7
1984 2012 4
1986 2013 6
1987 2014 5
1965 2015 14
2008 2016 7
1976 2017 2
1991 2018 8
2004 2019 8
1970 2020 20
2005 2021 16
2020 2022 14
1993 2023 1
1980 2024 7
1994 2025 15
2021 2026 1
2000 2027 20
1993 2028 1
2021 2029 3
2027 2030 12
2025 2031 1
1991 2032 14
2005 2033 2
1994 2034 18
2008 2035 5
2029 2036 15
2020 2037 12
2036 2038 16
2005 2039 4
2017 2040 2
2021 2041 14
1998 2042 14
1996 2043 5
2033 2044 1
2028 2045 1
2034 2046 20
2016 2047 9
2023 2048 19
2011 2049 12
2023 2050 5
2035 2051 1
2051 2052 7
2013 2053 13
2035 2054 10
2047 2055 13
2029 2056 8
2020 2057 11
2016 2058 6
2019 2059 8
2057 2060 8
2019 2061 20
2051 2062 14
2050 2063 4
2043 2064 14
2031 2065 9
2051 2066 2
2050 2067 1
2055 2068 1
2066 2069 4
2021 2070 14
2041 2071 16
2040 2072 19
2053 2073 2
2062 2074 9
2050 2075 15
2053 2076 15
2039 2077 17
2046 2078 8
2048 2079 13
2059 2080 16
2057 2081 10
2081 2082 17
2057 2083 5
2036 2084 13
2071 2085 8
2038 2086 16
2076 2087 8
2084 2088 3
2081 2089 14
2062 2090 10
2057 2091 19
2050 2092 8
2090 2093 4
2065 2094 13
2045 2095 9
2056 2096 7
2076 2097 14
2076 2098 11
2094 2099 19
2056 2100 13
2072 2101 2
2064 2102 19
2090 2103 18
2087 2104 19
2055 2105 7
2091 2106 14
2073 2107 5
2093 2108 10
2070 2109 4
2063 2110 4
2096 2111 16
2109 2112 18
2067 2113 2
2077 2114 17
2081 2115 16
2113 2116 10
2091 2117 4
2069 2118 9
2102 2119 5
2115 2120 17
2078 2121 9
2119 2122 1
2087 2123 3
2123 2124 3
2118 2125 3
2104 2126 12
2126 2127 9
2098 2128 12
2088 2129 20
2126 2130 8
2126 2131 16
2113 2132 2
2127 2133 15
2116 2134 6
2117 2135 19
2116 2136 5
2093 2137 12
2128 2138 16
2114 2139 11
2090 2140 7
2109 2141 19
2110 2142 12
2141 2143 7
2133 2144 11
2130 2145 12
2099 2146 2
2130 2147 17
2102 2148 6
2104 2149 17
2115 2150 18
2146 2151 15
2125 2152 19
2151 2153 15
2104 2154 7
2148 2155 9
2124 2156 13
2133 2157 12
2120 2158 8
2117 2159 5
2146 2160 11
2150 2161 17
2123 2162 20
2113 2163 5
2133 2164 15
2131 2165 3
2135 2166 12
2156 2167 18
2138 2168 9
2136 2169 7
2151 2170 18
2138 2171 1
2170 2172 16
2161 2173 5
2129 2174 15
2153 2175 18
2146 2176 11
2162 2177 11
2150 2178 3
2171 2179 13
2154 2180 1
2149 2181 19
2176 2182 16
2152 2183 18
2139 2184 13
2159 2185 13
2153 2186 13
2142 2187 14
2176 2188 20
2147 2189 3
2180 2190 12
2152 2191 12
2180 2192 7
2190 2193 9
2186 2194 15
2177 2195 5
2158 2196 10
2186 2197 18
2188 2198 8
2176 2199 20
2155 2200 13
2168 2201 8
2154 2202 1
2154 2203 14
2179 2204 2
2196 2205 19
2171 2206 19
2196 2207 20
2167 2208 19
2208 2209 12
2177 2210 3
2168 2211 15
2176 2212 20
2191 2213 19
2184 2214 3
2177 2215 15
2212 2216 4
2189 2217 17
2194 2218 16
2193 2219 9
2211 2220 13
2219 2221 12
2188 2222 9
2184 2223 1
2182 2224 7
2215 2225 19
2204 2226 16
2183 2227 13
2223 2228 8
2226 2229 6
2205 2230 10
2193 2231 20
2220 2232 1
2217 2233 4
2218 2234 1
2230 2235 15
2203 2236 9
2223 2237 3
2190 2238 11
2194 2239 15
2194 2240 18
2218 2241 17
2193 2242 14
2195 2243 11
2210 2244 5
2244 2245 14
2238 2246 13
2246 2247 4
2220 2248 2
2246 2249 12
2210 2250 14
2236 2251 11
2234 2252 15
2215 2253 12
2231 2254 10
2216 2255 4
2243 2256 7
2222 2257 19
2225 2258 6
2257 2259 12
2230 2260 13
2250 2261 8
2251 2262 3
2230 2263 4
2216 2264 8
2263 2265 2
2265 2266 17
2258 2267 2
2265 2268 4
2225 2269 6
2262 2270 17
2241 2271 14
2245 2272 19
2258 2273 19
2239 2274 19
2243 2275 19
2263 2276 20
2255 2277 17
2261 2278 17
2229 2279 13
2249 2280 8
2261 2281 6
2276 2282 2
2240 2283 8
2273 2284 9
2269 2285 17
2281 2286 15
2245 2287 10
2271 2288 9
2279 2289 3
2285 2290 20
2266 2291 8
2286 2292 14
2249 2293 13
2276 2294 12
2249 2295 7
2272 2296 3
2279 2297 3
2253 2298 3
2260 2299 17
2282 2300 4
2286 2301 3
2256 2302 6
2257 2303 4
2272 2304 5
2272 2305 11
2274 2306 12
2294 2307 7
2269 2308 13
2273 2309 14
2269 2310 17
2280 2311 12
2276 2312 10
2310 2313 8
2312 2314 10
2287 2315 18
2268 2316 2
2309 2317 12
2309 2318 7
2290 2319 13
2311 2320 18
2305 2321 3
2285 2322 17
2294 2323 13
2315 2324 12
2304 2325 14
2300 2326 12
2278 2327 9
2281 2328 1
2316 2329 1
2280 2330 15
2300 2331 12
2282 2332 7
2315 2333 17
2303 2334 14
2319 2335 3
2334 2336 20
2301 2337 10
2319 2338 2
2333 2339 2
2321 2340 11
2308 2341 14
2335 2342 1
2330 2343 6
2333 2344 16
2307 2345 7
2345 2346 13
2313 2347 17
2328 2348 17
2318 2349 1
2310 2350 6
2315 2351 18
2341 2352 3
2320 2353 14
2333 2354 14
2325 2355 8
2346 2356 8
2309 2357 9
2349 2358 8
2322 2359 5
2342 2360 15
2329 2361 3
2352 2362 6
2354 2363 12
2333 2364 11
2363 2365 2
2328 2366 10
2343 2367 19
2340 2368 12
2350 2369 20
2344 2370 10
2345 2371 20
2331 2372 15
2328 2373 8
2365 2374 1
2351 2375 16
2354 2376 12
2349 2377 1
2334 2378 10
2337 2379 10
2342 2380 5
2337 2381 10
2381 2382 7
2347 2383 18
2358 2384 10
2340 2385 14
2379 2386 19
2365 2387 1
2386 2388 17
2342 2389 11
2353 2390 8
2362 2391 5
2380 2392 4
2390 2393 20
2366 2394 8
2373 2395 7
2380 2396 16
2391 2397 1
2359 2398 2
2380 2399 14
2394 2400 10
2400 2401 10
2356 2402 4
2391 2403 11
2387 2404 12
2388 2405 2
2401 2406 8
2398 2407 12
2358 2408 6
2400 2409 18
2380 2410 8
2405 2411 9
2393 2412 14
2401 2413 14
2404 2414 3
2383 2415 8
2375 2416 19
2370 2417 9
2375 2418 5
2377 2419 17
2377 2420 6
2405 2421 5
2416 2422 18
2415 2423 10
2396 2424 9
2384 2425 19
2391 2426 8
2380 2427 6
2407 2428 7
2418 2429 16
2387 2430 1
2399 2431 17
2388 2432 15
2392 2433 15
2420 2434 11
2398 2435 16
2394 2436 5
2404 2437 10
2436 2438 2
2427 2439 17
2416 2440 6
2425 2441 5
2439 2442 19
2408 2443 17
2399 2444 16
2431 2445 20
2432 2446 12
2417 2447 3
2436 2448 2
2439 2449 5
2403 2450 20
2450 2451 7
2444 2452 6
2450 2453 15
2435 2454 15
2410 2455 4
2437 2456 5
2426 2457 6
2453 2458 1
2422 2459 4
2451 2460 20
2442 2461 10
2454 2462 3
2462 2463 8
2454 2464 1
2442 2465 5
2425 2466 18
2441 2467 10
2420 2468 4
2441 2469 8
2426 2470 10
2455 2471 13
2427 2472 15
2450 2473 17
2473 2474 10
2455 2475 16
2436 2476 6
2436 2477 20
2443 2478 5
2454 2479 20
2434 2480 1
2465 2481 3
2435 2482 17
2446 2483 20
2434 2484 13
2444 2485 16
2438 2486 7
2477 2487 4
2438 2488 8
2458 2489 20
2473 2490 9
2472 2491 5
2472 2492 7
2480 2493 5
2475 2494 18
2490 2495 7
2472 2496 4
2490 2497 7
2461 2498 19
2477 2499 12
2493 2500 1
2499 2501 4
2496 2502 1
2472 2503 9
2456 2504 13
2481 2505 16
2472 2506 7
2498 2507 8
2487 2508 5
2484 2509 5
2484 2510 2
2467 2511 19
2475 2512 5
2472 2513 15
2511 2514 12
2469 2515 12
2493 2516 6
2490 2517 16
2510 2518 9
2480 2519 16
2474 2520 6
2517 2521 7
2512 2522 20
2519 2523 15
2480 2524 8
2484 2525 3
2500 2526 2
2508 2527 7
2479 2528 9
2521 2529 1
2511 2530 13
2519 2531 7
2514 2532 20
2513 2533 1
2511 2534 4
2489 2535 5
2492 2536 5
2498 2537 17
2501 2538 11
2491 2539 19
2537 2540 1
2510 2541 19
2536 2542 10
2525 2543 13
2522 2544 18
2513 2545 10
2512 2546 3
2530 2547 5
2500 2548 19
2499 2549 11
2500 2550 15
2535 2551 3
2547 2552 7
2520 2553 3
2540 2554 5
2505 2555 11
2519 2556 20
2512 2557 8
2522 2558 7
2553 2559 8
2526 2560 12
2530 2561 5
2527 2562 1
2558 2563 10
2543 2564 3
2544 2565 4
2550 2566 20
2544 2567 6
2542 2568 16
2530 2569 10
2534 2570 13
2528 2571 9
2542 2572 17
2570 2573 20
2548 2574 2
2545 2575 4
2533 2576 12
2530 2577 4
2532 2578 15
2536 2579 19
2570 2580 12
2564 2581 9
2571 2582 14
2549 2583 4
2555 2584 12
2558 2585 13
2575 2586 7
2545 2587 20
2548 2588 11
2555 2589 3
2571 2590 3
2590 2591 5
2584 2592 2
2580 2593 9
2571 2594 7
2567 2595 19
2581 2596 18
2564 2597 13
2550 2598 13
2557 2599 18
2595 2600 18
2552 2601 2
2561 2602 3
2582 2603 9
2554 2604 12
2568 2605 2
2567 2606 17
2584 2607 11
2574 2608 14
2592 2609 14
2573 2610 19
2588 2611 15
2594 2612 10
2569 2613 16
2593 2614 17
2598 2615 15
2568 2616 1
2585 2617 2
2576 2618 2
2573 2619 16
2600 2620 17
2600 2621 13
2608 2622 6
2599 2623 7
2595 2624 18
2608 2625 14
2617 2626 14
2615 2627 17
2600 2628 19
2628 2629 10
2589 2630 4
2615 2631 3
2610 2632 10
2599 2633 13
2632 2634 7
2597 2635 20
2617 2636 15
2618 2637 1
2590 2638 16
2637 2639 19
2591 2640 14
2629 2641 16
2602 2642 13
2608 2643 3
2605 2644 3
2599 2645 1
2637 2646 16
2616 2647 4
2639 2648 7
2623 2649 12
2602 2650 6
2648 2651 3
2643 2652 15
2625 2653 12
2639 2654 20
2634 2655 2
2653 2656 15
2626 2657 1
2630 2658 14
2618 2659 15
2613 2660 9
2630 2661 20
2616 2662 15
2638 2663 9
2639 2664 6
2662 2665 16
2638 2666 18
2630 2667 10
2642 2668 12
2659 2669 7
2666 2670 15
2667 2671 18
2638 2672 5
2656 2673 17
2659 2674 8
2656 2675 2
2674 2676 18
2660 2677 11
2675 2678 19
2629 2679 10
2652 2680 12
2665 2681 20
2650 2682 8
2635 2683 12
2645 2684 10
2640 2685 8
2645 2686 7
2654 2687 12
2670 2688 10
2674 2689 20
2650 2690 2
2669 2691 14
2664 2692 1
2646 2693 16
2688 2694 15
2676 2695 17
2671 2696 3
2671 2697 13
2697 2698 7
2682 2699 2
2665 2700 7
2672 2701 12
2668 2702 12
2656 2703 13
2673 2704 8
2680 2705 1
2661 2706 15
2703 2707 16
2689 2708 8
2695 2709 19
2665 2710 2
2710 2711 2
2690 2712 4
2671 2713 9
2710 2714 19
2714 2715 13
2701 2716 10
2699 2717 15
2690 2718 8
2680 2719 18
2698 2720 19
2706 2721 19
2681 2722 16
2690 2723 6
2696 2724 7
2689 2725 8
2723 2726 11
2712 2727 5
2725 2728 17
2723 2729 10
2712 2730 4
2689 2731 6
2693 2732 19
2716 2733 19
2698 2734 15
2710 2735 2
2686 2736 14
2701 2737 20
2729 2738 18
2710 2739 11
2703 2740 6
2730 2741 2
2732 2742 4
2705 2743 11
2737 2744 3
2737 2745 20
2734 2746 19
2713 2747 3
2715 2748 14
2739 2749 7
2712 2750 8
2712 2751 7
2742 2752 3
2739 2753 9
2722 2754 10
2737 2755 1
2734 2756 13
2723 2757 5
2722 2758 14
2751 2759 8
2736 2760 18
2754 2761 2
2748 2762 8
2739 2763 13
2736 2764 7
2717 2765 4
2743 2766 13
2750 2767 15
2731 2768 13
2755 2769 14
2762 2770 8
2732 2771 9
2727 2772 10
2727 2773 1
2772 2774 4
2753 2775 13
2736 2776 16
2764 2777 15
2732 2778 10
2732 2779 7
2767 2780 6
2762 2781 18
2744 2782 7
2751 2783 5
2737 2784 10
2782 2785 14
2763 2786 4
2766 2787 19
2765 2788 4
2768 2789 5
2763 2790 6
2753 2791 3
2772 2792 15
2751 2793 14
2788 2794 9
2753 2795 8
2780 2796 12
2762 2797 20
2785 2798 3
2776 2799 2
2754 2800 18
2794 2801 17
2752 2802 12
2773 2803 14
2759 2804 3
2755 2805 5
2788 2806 11
2775 2807 12
2760 2808 4
2764 2809 20
2767 2810 13
2781 2811 11
2806 2812 1
2783 2813 8
2801 2814 13
2781 2815 15
2784 2816 19
2790 2817 16
2795 2818 1
2800 2819 18
2787 2820 11
2800 2821 4
2783 2822 20
2775 2823 18
2796 2824 1
2792 2825 4
2790 2826 20
2803 2827 3
2801 2828 15
2810 2829 7
2789 2830 17
2811 2831 16
2796 2832 15
2813 2833 8
2818 2834 7
2789 2835 5
2826 2836 15
2835 2837 1
2831 2838 4
2807 2839 17
2820 2840 18
2822 2841 13
2840 2842 10
2821 2843 14
2829 2844 14
2822 2845 7
2813 2846 10
2842 2847 19
2824 2848 18
2826 2849 9
2811 2850 2
2838 2851 10
2840 2852 3
2835 2853 4
2842 2854 15
2838 2855 20
2845 2856 2
2855 2857 16
2811 2858 5
2837 2859 20
2855 2860 4
2851 2861 10
2848 2862 10
2828 2863 10
2850 2864 5
2825 2865 3
2816 2866 11
2820 2867 19
2856 2868 7
2823 2869 19
2838 2870 12
2864 2871 9
2844 2872 12
2832 2873 8
2857 2874 6
2840 2875 6
2852 2876 11
2844 2877 3
2869 2878 9
2861 2879 20
2876 2880 3
2872 2881 5
2839 2882 16
2846 2883 8
2844 2884 14
2847 2885 13
2864 2886 16
2858 2887 12
2873 2888 17
2882 2889 11
2851 2890 16
2857 2891 14
2890 2892 7
2872 2893 12
2847 2894 20
2863 2895 14
2884 2896 18
2890 2897 7
2857 2898 2
2876 2899 17
2859 2900 6
2853 2901 19
2857 2902 9
2879 2903 2
2859 2904 9
2887 2905 9
2866 2906 16
2874 2907 10
2903 2908 9
2871 2909 2
2875 2910 9
2861 2911 15
2906 2912 1
2867 2913 14
2908 2914 13
2909 2915 7
2875 2916 7
2889 2917 8
2890 2918 18
2886 2919 1
2893 2920 18
2889 2921 11
2880 2922 2
2894 2923 3
2879 2924 7
2908 2925 12
2911 2926 9
2886 2927 2
2909 2928 20
2928 2929 1
2924 2930 5
2898 2931 17
2929 2932 17
2885 2933 15
2889 2934 6
2908 2935 13
2892 2936 13
2912 2937 7
2890 2938 15
2914 2939 15
2937 2940 6
2897 2941 14
2924 2942 18
2937 2943 14
2910 2944 3
2935 2945 14
2912 2946 9
2916 2947 14
2946 2948 3
2900 2949 13
2928 2950 11
2913 2951 17
2943 2952 3
2924 2953 3
2923 2954 11
2932 2955 17
2951 2956 17
2952 2957 15
2949 2958 10
2948 2959 12
2930 2960 19
2939 2961 4
2947 2962 9
2959 2963 2
2915 2964 4
2931 2965 12
2945 2966 9
2925 2967 16
2956 2968 13
2932 2969 12
2922 2970 10
2934 2971 17
2959 2972 9
2954 2973 13
2973 2974 10
2941 2975 5
2966 2976 13
2958 2977 3
2947 2978 3
2975 2979 7
2943 2980 18
2978 2981 7
2951 2982 3
2975 2983 19
2960 2984 16
2974 2985 12
2961 2986 14
2962 2987 14
2983 2988 18
2985 2989 9
2987 2990 11
2962 2991 14
2978 2992 13
2988 2993 10
2960 2994 9
2982 2995 17
2948 2996 5
2954 2997 14
2957 2998 1
2974 2999 7
2969 3000 11
2996 3001 2
2986 3002 9
2997 3003 20
2997 3004 9
2984 3005 19
2997 3006 17
2990 3007 15
2975 3008 15
2994 3009 4
2990 3010 18
2976 3011 10
2975 3012 3
2977 3013 1
2975 3014 4
3001 3015 7
2979 3016 10
3000 3017 17
2984 3018 11
3015 3019 13
2972 3020 8
3000 3021 15
2994 3022 14
2978 3023 8
3021 3024 6
2985 3025 14
3006 3026 15
2984 3027 15
3026 3028 15
3027 3029 9
2986 3030 4
3026 3031 1
2982 3032 14
2997 3033 10
3003 3034 2
3034 3035 8
3016 3036 13
3000 3037 15
3011 3038 3
3008 3039 17
3025 3040 3
3007 3041 19
3000 3042 18
2999 3043 2
3002 3044 20
2997 3045 16
3021 3046 1
3023 3047 6
3029 3048 7
3046 3049 4
3030 3050 10
3031 3051 18
3002 3052 13
3020 3053 3
3037 3054 15
3034 3055 9
3008 3056 11
3014 3057 2
3052 3058 16
3055 3059 17
3013 3060 15
3053 3061 13
3038 3062 15
3039 3063 15
3052 3064 16
3018 3065 19
3042 3066 4
3058 3067 17
3065 3068 2
3066 3069 3
3064 3070 6
3037 3071 6
3065 3072 1
3038 3073 9
3050 3074 13
3073 3075 15
3042 3076 11
3037 3077 19
3072 3078 17
3032 3079 11
3032 3080 7
3065 3081 8
3079 3082 4
3050 3083 5
3065 3084 2
3067 3085 5
3066 3086 17
3066 3087 18
3038 3088 20
3058 3089 12
3078 3090 1
3082 3091 10
3064 3092 5
3082 3093 10
3074 3094 20
3056 3095 16
3056 3096 17
3063 3097 20
3093 3098 17
3050 3099 8
3077 3100 19
3077 3101 2
3088 3102 16
3075 3103 13
3073 3104 5
3084 3105 10
3071 3106 17
3088 3107 20
3101 3108 19
3095 3109 11
3090 3110 10
3089 3111 18
3104 3112 2
3108 3113 16
3066 3114 13
3084 3115 19
3106 3116 7
3110 3117 7
3076 3118 6
3087 3119 6
3076 3120 11
3109 3121 11
3119 3122 6
3109 3123 17
3095 3124 8
3114 3125 16
3091 3126 14
3080 3127 12
3091 3128 1
3097 3129 15
3101 3130 2
3118 3131 14
3117 3132 5
3119 3133 10
3116 3134 20
3099 3135 20
3090 3136 13
3093 3137 4
3112 3138 15
3124 3139 8
3103 3140 19
3112 3141 12
3134 3142 2
3133 3143 19
3132 3144 6
3125 3145 16
3130 3146 17
3105 3147 18
3102 3148 8
3130 3149 15
3135 3150 5
3122 3151 15
3140 3152 17
3123 3153 11
3114 3154 14
3128 3155 10
3151 3156 7
3114 3157 3
3152 3158 4
3131 3159 13
3132 3160 16
3135 3161 5
3156 3162 12
3151 3163 12
3146 3164 5
3164 3165 10
3158 3166 1
3125 3167 13
3132 3168 10
3130 3169 19
3144 3170 14
3134 3171 9
3163 3172 7
3165 3173 16
3167 3174 12
3153 3175 13
3138 3176 15
3176 3177 17
3136 3178 14
3144 3179 11
3133 3180 19
3175 3181 6
3138 3182 10
3181 3183 11
3183 3184 16
3173 3185 2
3144 3186 4
3179 3187 4
3147 3188 19
3150 3189 5
3181 3190 7
3181 3191 19
3169 3192 17
3156 3193 17
3182 3194 7
3193 3195 5
3168 3196 6
3169 3197 10
3150 3198 19
3185 3199 14
3174 3200 1
3172 3201 20
3164 3202 17
3169 3203 4
3180 3204 3
3155 3205 8
3175 3206 9
3185 3207 11
3164 3208 7
3178 3209 7
3187 3210 10
3166 3211 17
3186 3212 15
3178 3213 5
3182 3214 14
3199 3215 8
3178 3216 9
3204 3217 20
3199 3218 4
3173 3219 11
3216 3220 5
3179 3221 17
3189 3222 17
3181 3223 16
3215 3224 1
3205 3225 20
3209 3226 4
3221 3227 13
3198 3228 1
3213 3229 15
3203 3230 16
3192 3231 19
3200 3232 2
3184 3233 18
3201 3234 16
3215 3235 9
3224 3236 15
3199 3237 4
3201 3238 8
3208 3239 20
3209 3240 19
3203 3241 4
3233 3242 18
3213 3243 8
3216 3244 17
3207 3245 3
3227 3246 11
3234 3247 7
3237 3248 13
3209 3249 10
3225 3250 5
3215 3251 16
3211 3252 18
3229 3253 19
3219 3254 8
3229 3255 20
3237 3256 11
3234 3257 2
3255 3258 19
3225 3259 16
3238 3260 9
3256 3261 16
3218 3262 9
3246 3263 20
3255 3264 5
3222 3265 20
3232 3266 15
3232 3267 9
3257 3268 19
3236 3269 11
3265 3270 6
3237 3271 5
3231 3272 12
3255 3273 2
3268 3274 19
3233 3275 15
3226 3276 1
3236 3277 10
3254 3278 15
3235 3279 8
3277 3280 8
3263 3281 1
3261 3282 5
3257 3283 11
3237 3284 17
3265 3285 7
3248 3286 12
3261 3287 10
3246 3288 11
3263 3289 16
3246 3290 13
3275 3291 3
3289 3292 20
3275 3293 8
3284 3294 11
3254 3295 8
3284 3296 5
3270 3297 15
3274 3298 8
3268 3299 3
3284 3300 19
3258 3301 1
3281 3302 8
3272 3303 14
3277 3304 16
3303 3305 12
3267 3306 5
3305 3307 16
3280 3308 14
3273 3309 3
3266 3310 12
3269 3311 17
3267 3312 6
3308 3313 6
3265 3314 3
3270 3315 3
3267 3316 15
3268 3317 4
3304 3318 2
3289 3319 17
3312 3320 19
3288 3321 5
3305 3322 11
3285 3323 3
3308 3324 12
3319 3325 8
3304 3326 2
3323 3327 6
3316 3328 6
3311 3329 5
3290 3330 12
3286 3331 18
3328 3332 17
3284 3333 2
3286 3334 13
3328 3335 14
3294 3336 14
3330 3337 9
3308 3338 16
3297 3339 4
3294 3340 10
3304 3341 4
3292 3342 20
3317 3343 10
3320 3344 1
3299 3345 11
3313 3346 15
3322 3347 15
3333 3348 11
3326 3349 18
3309 3350 9
3336 3351 18
3316 3352 10
3346 3353 7
3352 3354 10
3308 3355 10
3354 3356 4
3343 3357 4
3315 3358 9
3347 3359 8
3319 3360 10
3321 3361 18
3361 3362 7
3338 3363 5
3329 3364 4
3362 3365 7
3334 3366 5
3317 3367 17
3336 3368 15
3339 3369 16
3322 3370 20
3362 3371 19
3328 3372 18
3345 3373 15
3371 3374 12
3360 3375 19
3345 3376 13
3335 3377 20
3331 3378 2
3371 3379 19
3378 3380 2
3357 3381 2
3371 3382 18
3333 3383 8
3345 3384 12
3374 3385 5
3341 3386 8
3346 3387 15
3377 3388 7
3346 3389 16
3348 3390 5
3373 3391 7
3365 3392 10
3375 3393 17
3390 3394 6
3383 3395 15
3351 3396 18
3394 3397 19
3380 3398 6
3349 3399 10
3392 3400 13
3394 3401 10
3383 3402 9
3375 3403 12
3396 3404 6
3404 3405 14
3401 3406 9
3396 3407 12
3389 3408 20
3397 3409 1
3400 3410 7
3369 3411 2
3393 3412 19
3366 3413 8
3376 3414 15
3412 3415 20
3411 3416 9
3374 3417 1
3410 3418 3
3404 3419 13
3374 3420 2
3410 3421 5
3419 3422 19
3395 3423 19
3409 3424 9
3421 3425 3
3378 3426 15
3408 3427 14
3395 3428 14
3402 3429 4
3414 3430 17
3420 3431 2
3420 3432 16
3429 3433 13
3411 3434 14
3401 3435 6
3434 3436 16
3434 3437 5
3435 3438 11
3424 3439 9
3437 3440 6
3404 3441 6
3401 3442 4
3427 3443 16
3398 3444 13
3422 3445 12
3411 3446 3
3398 3447 20
3398 3448 5
3439 3449 18
3414 3450 10
3401 3451 18
3431 3452 10
3431 3453 15
3437 3454 1
3405 3455 18
3414 3456 3
3410 3457 15
3445 3458 8
3422 3459 12
3449 3460 20
3449 3461 13
3412 3462 15
3447 3463 13
3430 3464 6
3424 3465 12
3432 3466 4
3465 3467 7
3421 3468 19
3447 3469 18
3461 3470 9
3442 3471 13
3457 3472 15
3460 3473 4
3451 3474 12
3473 3475 13
3475 3476 16
3437 3477 1
3467 3478 1
3446 3479 20
3461 3480 2
3454 3481 1
3446 3482 1
3435 3483 1
3476 3484 6
3457 3485 2
3467 3486 11
3478 3487 7
3467 3488 4
3460 3489 6
3452 3490 2
3461 3491 1
3457 3492 3
3454 3493 14
3469 3494 7
3477 3495 10
3447 3496 8
3478 3497 16
3484 3498 13
3487 3499 12
3455 3500 14
3499 3501 7
3467 3502 14
3458 3503 14
3480 3504 12
3458 3505 1
3504 3506 6
3474 3507 5
3492 3508 4
3494 3509 20
3468 3510 9
3472 3511 10
3464 3512 9
3507 3513 16
3470 3514 19
3483 3515 12
3503 3516 11
3478 3517 5
3517 3518 7
3508 3519 19
3515 3520 20
3483 3521 17
3489 3522 5
3502 3523 6
3514 3524 6
3510 3525 4
3509 3526 14
3479 3527 20
3519 3528 1
3493 3529 14
3519 3530 13
3503 3531 2
3510 3532 10
3513 3533 8
3496 3534 4
3492 3535 8
3492 3536 20
3515 3537 18
3495 3538 7
3537 3539 19
3539 3540 16
3539 3541 14
3538 3542 18
3534 3543 18
3519 3544 7
3499 3545 6
3525 3546 1
3529 3547 9
3509 3548 3
3502 3549 10
3509 3550 18
3518 3551 2
3536 3552 19
3544 3553 4
3542 3554 3
3552 3555 1
3554 3556 20
3519 3557 12
3509 3558 9
3526 3559 15
3529 3560 11
3537 3561 16
3541 3562 13
3548 3563 14
3518 3564 9
3548 3565 14
3552 3566 10
3521 3567 3
3519 3568 5
3524 3569 19
3521 3570 9
3529 3571 11
3563 3572 12
3553 3573 12
3532 3574 14
3569 3575 18
3560 3576 1
3551 3577 15
3533 3578 8
3547 3579 9
3571 3580 5
3560 3581 19
3534 3582 18
3573 3583 5
3573 3584 2
3571 3585 10
3556 3586 4
3557 3587 5
3559 3588 13
3570 3589 9
3586 3590 9
3553 3591 11
3549 3592 6
3573 3593 6
3575 3594 8
3593 3595 1
3571 3596 3
3588 3597 5
3555 3598 10
3581 3599 7
3555 3600 11
3580 3601 3
3563 3602 5
3593 3603 7
3582 3604 6
3556 3605 6
3598 3606 9
3559 3607 9
3578 3608 19
3596 3609 9
3569 3610 5
3607 3611 8
3566 3612 5
3597 3613 10
3609 3614 6
3582 3615 1
3574 3616 16
3613 3617 15
3613 3618 20
3606 3619 8
3575 3620 1
3610 3621 9
3613 3622 12
3621 3623 11
3598 3624 12
3584 3625 14
3607 3626 17
3603 3627 18
3607 3628 12
3599 3629 19
3582 3630 7
3587 3631 2
3612 3632 18
3625 3633 19
3626 3634 15
3613 3635 4
3605 3636 7
3617 3637 19
3591 3638 13
3611 3639 16
3599 3640 2
3632 3641 13
3614 3642 20
3622 3643 16
3641 3644 8
3617 3645 6
3622 3646 2
3613 3647 3
3598 3648 15
3645 3649 15
3628 3650 17
3605 3651 19
3627 3652 9
3652 3653 1
3652 3654 17
3633 3655 9
3647 3656 1
3617 3657 9
3638 3658 17
3639 3659 19
3616 3660 10
3653 3661 12
3625 3662 10
3651 3663 10
3616 3664 15
3658 3665 13
3639 3666 8
3645 3667 8
3636 3668 5
3663 3669 1
3666 3670 15
3658 3671 13
3666 3672 10
3660 3673 5
3636 3674 19
3629 3675 16
3660 3676 17
3643 3677 2
3643 3678 6
3657 3679 6
3663 3680 6
3649 3681 12
3659 3682 8
3673 3683 3
3681 3684 9
3670 3685 17
3655 3686 17
3642 3687 14
3687 3688 7
3682 3689 10
3643 3690 3
3649 3691 4
3643 3692 13
3668 3693 18
3662 3694 7
3650 3695 9
3657 3696 2
3653 3697 10
3688 3698 18
3676 3699 18
3687 3700 14
3681 3701 18
3654 3702 4
3672 3703 8
3693 3704 13
3670 3705 15
3660 3706 12
3704 3707 11
3692 3708 8
3691 3709 5
3668 3710 12
3671 3711 1
3663 3712 17
3699 3713 13
3678 3714 2
3698 3715 11
3696 3716 16
3698 3717 5
3710 3718 6
3713 3719 8
3698 3720 6
3676 3721 4
3689 3722 8
3686 3723 5
3720 3724 16
3711 3725 20
3686 3726 14
3706 3727 12
3712 3728 1
3691 3729 3
3729 3730 19
3695 3731 19
3689 3732 9
3729 3733 17
3689 3734 1
3703 3735 5
3699 3736 5
3723 3737 11
3707 3738 17
3694 3739 17
3730 3740 10
3739 3741 18
3695 3742 2
3701 3743 13
3729 3744 13
3701 3745 17
3745 3746 7
3716 3747 2
3714 3748 16
3724 3749 2
3722 3750 19
3716 3751 19
3729 3752 9
3745 3753 13
3733 3754 14
3712 3755 9
3743 3756 2
3745 3757 5
3728 3758 19
3718 3759 19
3710 3760 1
3736 3761 1
3715 3762 12
3736 3763 10
3726 3764 1
3746 3765 16
3731 3766 9
3721 3767 7
3732 3768 1
3766 3769 5
3736 3770 8
3759 3771 19
3756 3772 19
3769 3773 13
3730 3774 16
3738 3775 14
3773 3776 5
3736 3777 1
3770 3778 6
3743 3779 1
3757 3780 8
3774 3781 7
3734 3782 19
3774 3783 3
3767 3784 10
3738 3785 20
3765 3786 11
3779 3787 7
3773 3788 2
3741 3789 18
3745 3790 16
3746 3791 15
3788 3792 3
3756 3793 7
3783 3794 15
3763 3795 19
3794 3796 6
3753 3797 17
3783 3798 8
3749 3799 14
3795 3800 20
3772 3801 8
3795 3802 9
3753 3803 3
3755 3804 7
3791 3805 1
3778 3806 12
3765 3807 8
3762 3808 18
3774 3809 11
3790 3810 17
3777 3811 18
3806 3812 6
3807 3813 17
3774 3814 6
3811 3815 16
3780 3816 16
3806 3817 10
3801 3818 4
3789 3819 2
3815 3820 20
3788 3821 13
3807 3822 6
3799 3823 17
3817 3824 6
3799 3825 18
3790 3826 20
3816 3827 19
3797 3828 4
3787 3829 9
3814 3830 9
3781 3831 20
3807 3832 5
3823 3833 9
3798 3834 6
3792 3835 8
3814 3836 11
3831 3837 18
3796 3838 16
3807 3839 3
3811 3840 19
3811 3841 16
3798 3842 10
3815 3843 19
3799 3844 19
3819 3845 5
3824 3846 4
3836 3847 5
3820 3848 8
3814 3849 11
3801 3850 16
3836 3851 10
3816 3852 8
3837 3853 1
3818 3854 17
3815 3855 3
3849 3856 17
3830 3857 8
3823 3858 1
3831 3859 5
3829 3860 7
3847 3861 20
3852 3862 7
3852 3863 3
3834 3864 20
3843 3865 1
3846 3866 1
3823 3867 11
3825 3868 1
3868 3869 11
3855 3870 19
3827 3871 8
3824 3872 3
3857 3873 14
3836 3874 20
3831 3875 16
3827 3876 14
3832 3877 14
3859 3878 4
3852 3879 1
3851 3880 12
3873 3881 3
3845 3882 11
3833 3883 19
3870 3884 12
3869 3885 2
3871 3886 19
3843 3887 4
3872 3888 1
3883 3889 10
3854 3890 4
3877 3891 16
3851 3892 16
3850 3893 6
3870 3894 18
3878 3895 2
3857 3896 17
3849 3897 4
3889 3898 3
3867 3899 3
3893 3900 20
3854 3901 17
3894 3902 14
3853 3903 14
3886 3904 6
3892 3905 12
3896 3906 10
3897 3907 13
3886 3908 6
3900 3909 15
3862 3910 17
3882 3911 19
3896 3912 20
3866 3913 11
3896 3914 2
3868 3915 9
3903 3916 4
3893 3917 18
3915 3918 4
3910 3919 9
3872 3920 18
3919 3921 11
3913 3922 10
3898 3923 14
3898 3924 2
3912 3925 15
3893 3926 7
3896 3927 4
3899 3928 1
3920 3929 19
3917 3930 1
3924 3931 1
3882 3932 17
3891 3933 3
3902 3934 15
3912 3935 16
3934 3936 13
3907 3937 18
3923 3938 18
3904 3939 7
3920 3940 7
3917 3941 19
3910 3942 10
3914 3943 11
3909 3944 6
3932 3945 18
3901 3946 19
3940 3947 6
3925 3948 9
3915 3949 7
3948 3950 16
3911 3951 2
3922 3952 1
3927 3953 11
3913 3954 6
3939 3955 11
3907 3956 6
3917 3957 5
3931 3958 19
3926 3959 14
3959 3960 11
3933 3961 12
3949 3962 7
3922 3963 19
3922 3964 17
3927 3965 5
3926 3966 7
3949 3967 6
3921 3968 3
3936 3969 20
3944 3970 14
3933 3971 9
3960 3972 7
3948 3973 6
3958 3974 14
3950 3975 9
3942 3976 9
3937 3977 8
3930 3978 9
3961 3979 10
3935 3980 4
3973 3981 2
3947 3982 15
3968 3983 10
3975 3984 20
3973 3985 5
3972 3986 16
3950 3987 20
3968 3988 16
3970 3989 3
3972 3990 3
3985 3991 16
3965 3992 4
3992 3993 4
3950 3994 19
3948 3995 14
3951 3996 19
3974 3997 20
3954 3998 8
3986 3999 15
3988 4000 5
3961 4001 6
3961 4002 20
3979 4003 16
3989 4004 16
3968 4005 17
3998 4006 20
4006 4007 8
3994 4008 19
3983 4009 12
3976 4010 1
3989 4011 17
3976 4012 2
3985 4013 15
3971 4014 20
3966 4015 10
3999 4016 19
3975 4017 13
4000 4018 2
3976 4019 8
3999 4020 11
4018 4021 8
4011 4022 1
4009 4023 7
3991 4024 3
3998 4025 8
4001 4026 18
4005 4027 19
4005 4028 9
3983 4029 15
4010 4030 7
4019 4031 20
4001 4032 9
3988 4033 8
3995 4034 18
4001 4035 16
4026 4036 7
4006 4037 4
3999 4038 5
3991 4039 12
3994 4040 19
4008 4041 17
4011 4042 17
4001 4043 5
4031 4044 19
3995 4045 10
4010 4046 5
4009 4047 11
4038 4048 12
4000 4049 2
4015 4050 7
4012 4051 7
4013 4052 19
4040 4053 7
4011 4054 13
4007 4055 9
4007 4056 9
4007 4057 3
4039 4058 20
4041 4059 9
4055 4060 7
4018 4061 19
4037 4062 16
4013 4063 7
4021 4064 7
4023 4065 10
4036 4066 17
4022 4067 7
4056 4068 8
4068 4069 4
4068 4070 17
4044 4071 15
4047 4072 20
4052 4073 10
4042 4074 18
4042 4075 10
4054 4076 1
4070 4077 6
4071 4078 19
4076 4079 20
4061 4080 19
4072 4081 14
4040 4082 4
4044 4083 6
4055 4084 4
4076 4085 12
4037 4086 8
4039 4087 15
4087 4088 18
4041 4089 15
4087 4090 8
4083 4091 7
4048 4092 9
4073 4093 7
4052 4094 17
4055 4095 12
4091 4096 10
4067 4097 20
4049 4098 17
4074 4099 6
4089 4100 13
4052 4101 17
4061 4102 12
4081 4103 11
4078 4104 13
4074 4105 17
4061 4106 19
4100 4107 14
4075 4108 1
4070 4109 18
4088 4110 16
4087 4111 16
4066 4112 3
4109 4113 14
4095 4114 2
4090 4115 10
4111 4116 20
4099 4117 7
4099 4118 15
4093 4119 5
4070 4120 18
4097 4121 7
4098 4122 18
4081 4123 7
4103 4124 12
4088 4125 10
4079 4126 13
4086 4127 6
4100 4128 7
4107 4129 2
4118 4130 17
4116 4131 13
4086 4132 17
4085 4133 2
4091 4134 20
4085 4135 8
4100 4136 3
4105 4137 17
4096 4138 6
4109 4139 13
4130 4140 15
4128 4141 14
4134 4142 11
4126 4143 3
4120 4144 7
4131 4145 20
4141 4146 14
4138 4147 7
4134 4148 7
4111 4149 15
4129 4150 17
4105 4151 7
4128 4152 7
4110 4153 19
4130 4154 9
4124 4155 3
4118 4156 12
4152 4157 11
4148 4158 7
4149 4159 9
4110 4160 16
4125 4161 1
4142 4162 7
4132 4163 7
4124 4164 15
4124 4165 11
4134 4166 10
4157 4167 4
4135 4168 6
4163 4169 7
4164 4170 6
4152 4171 4
4167 4172 2
4147 4173 19
4155 4174 15
4160 4175 16
4149 4176 8
4138 4177 11
4170 4178 3
4151 4179 6
4178 4180 9
4146 4181 18
4151 4182 5
4142 4183 15
4148 4184 1
4138 4185 19
4174 4186 12
4180 4187 20
4155 4188 14
4171 4189 20
4160 4190 4
4179 4191 20
4187 4192 3
4183 4193 5
4182 4194 4
4149 4195 20
4178 4196 17
4184 4197 4
4161 4198 8
4155 4199 6
4186 4200 1
4187 4201 9
4197 4202 6
4202 4203 14
4158 4204 12
4198 4205 20
4197 4206 19
4177 4207 14
4191 4208 4
4170 4209 6
4179 4210 12
4205 4211 20
4203 4212 17
4196 4213 11
4209 4214 1
4174 4215 19
4191 4216 5
4194 4217 17
4188 4218 13
4195 4219 20
4204 4220 10
4191 4221 8
4182 4222 5
4181 4223 8
4186 4224 20
4190 4225 17
4196 4226 5
4194 4227 1
4219 4228 2
4224 4229 11
4180 4230 6
4206 4231 16
4212 4232 3
4215 4233 6
4206 4234 9
4210 4235 18
4198 4236 10
4232 4237 10
4224 4238 14
4227 4239 6
4239 4240 1
4205 4241 1
4241 4242 16
4236 4243 18
4208 4244 20
4240 4245 17
4200 4246 1
4221 4247 7
4211 4248 15
4248 4249 14
4209 4250 7
4205 4251 4
4234 4252 10
4230 4253 10
4249 4254 1
4208 4255 10
4239 4256 10
4239 4257 2
4216 4258 9
4256 4259 15
4242 4260 5
4213 4261 18
4238 4262 15
4233 4263 7
4235 4264 9
4235 4265 4
4238 4266 19
4217 4267 17
4233 4268 18
4256 4269 11
4257 4270 4
4245 4271 2
4241 4272 8
4236 4273 9
4228 4274 8
4271 4275 12
4258 4276 9
4233 4277 12
4228 4278 20
4238 4279 9
4260 4280 14
4257 4281 11
4245 4282 17
4263 4283 7
4278 4284 3
4257 4285 12
4257 4286 20
4239 4287 17
4240 4288 13
4264 4289 1
4271 4290 10
4260 4291 12
4276 4292 2
4251 4293 3
4247 4294 20
4267 4295 15
4280 4296 15
4261 4297 5
4266 4298 14
4295 4299 14
4279 4300 18
4267 4301 8
4287 4302 20
4254 4303 5
4282 4304 17
4260 4305 20
4261 4306 12
4290 4307 17
4273 4308 12
4282 4309 20
4276 4310 13
4274 4311 8
4286 4312 16
4301 4313 16
4295 4314 17
4294 4315 17
4313 4316 10
4289 4317 10
4316 4318 9
4293 4319 16
4293 4320 7
4289 4321 3
4276 4322 7
4278 4323 6
4299 4324 15
4299 4325 13
4291 4326 7
4324 4327 19
4292 4328 8
4284 4329 18
4288 4330 5
4315 4331 1
4290 4332 18
4307 4333 16
4330 4334 15
4327 4335 6
4286 4336 17
4297 4337 14
4301 4338 13
4327 4339 8
4310 4340 1
4328 4341 19
4303 4342 8
4316 4343 3
4341 4344 11
4326 4345 16
4298 4346 17
4328 4347 1
4346 4348 9
4301 4349 3
4305 4350 2
4325 4351 17
4324 4352 2
4325 4353 17
4347 4354 18
4342 4355 11
4334 4356 9
4343 4357 13
4316 4358 8
4310 4359 15
4318 4360 19
4337 4361 12
4347 4362 11
4327 4363 5
4349 4364 7
4327 4365 9
4338 4366 5
4339 4367 11
4337 4368 15
4337 4369 5
4362 4370 18
4368 4371 20
4328 4372 9
4338 4373 7
4327 4374 12
4331 4375 18
4335 4376 9
4374 4377 2
4364 4378 9
4348 4379 12
4335 4380 2
4343 4381 4
4378 4382 4
4372 4383 16
4377 4384 17
4345 4385 20
4345 4386 18
4353 4387 2
4374 4388 14
4377 4389 17
4353 4390 11
4349 4391 8
4389 4392 6
4384 4393 18
4346 4394 20
4351 4395 6
4375 4396 3
4368 4397 7
4381 4398 6
4385 4399 15
4374 4400 4
4356 4401 9
4353 4402 8
4367 4403 14
4388 4404 16
4394 4405 7
4397 4406 11
4374 4407 12
4383 4408 15
4361 4409 17
4393 4410 5
4390 4411 8
4386 4412 1
4366 4413 9
4386 4414 20
4380 4415 13
4413 4416 16
4396 4417 7
4389 4418 7
4408 4419 15
4394 4420 19
4393 4421 19
4386 4422 11
4403 4423 16
4404 4424 15
4397 4425 6
4414 4426 12
4402 4427 12
4388 4428 14
4383 4429 19
4390 4430 17
4408 4431 8
4401 4432 6
4426 4433 20
4429 4434 14
4425 4435 15
4394 4436 17
4405 4437 16
4409 4438 11
4432 4439 15
4410 4440 4
4420 4441 17
4429 4442 10
4417 4443 19
4432 4444 17
4404 4445 17
4416 4446 4
4438 4447 6
4444 4448 5
4435 4449 11
4438 4450 16
4404 4451 8
4413 4452 4
4428 4453 8
4405 4454 18
4414 4455 16
4413 4456 13
4416 4457 17
4427 4458 16
4438 4459 17
4447 4460 10
4420 4461 11
4427 4462 7
4423 4463 8
4421 4464 4
4441 4465 7
4452 4466 17
4442 4467 16
4443 4468 1
4427 4469 3
4435 4470 16
4428 4471 3
4434 4472 2
4440 4473 2
4448 4474 13
4441 4475 12
4429 4476 5
4458 4477 2
4443 4478 18
4477 4479 3
4474 4480 1
4434 4481 4
4445 4482 9
4459 4483 20
4455 4484 5
4449 4485 19
4457 4486 9
4456 4487 2
4485 4488 19
4482 4489 16
4448 4490 10
4486 4491 11
4456 4492 7
4446 4493 13
4480 4494 13
4483 4495 11
4488 4496 3
4471 4497 6
4453 4498 5
4473 4499 1
4494 4500 13
4470 4501 17
4488 4502 11
4467 4503 18
4491 4504 11
4457 4505 9
4489 4506 8
4497 4507 7
4477 4508 5
4506 4509 3
4506 4510 7
4509 4511 10
4475 4512 10
4499 4513 3
4494 4514 6
4495 4515 13
4478 4516 11
4480 4517 7
4497 4518 4
4494 4519 17
4508 4520 13
4476 4521 4
4480 4522 18
4503 4523 13
4484 4524 10
4484 4525 18
4489 4526 13
4503 4527 11
4522 4528 11
4520 4529 3
4518 4530 17
4498 4531 12
4491 4532 3
4517 4533 19
4519 4534 12
4498 4535 5
4486 4536 15
4494 4537 13
4532 4538 6
4500 4539 15
4520 4540 9
4527 4541 15
4517 4542 10
4519 4543 12
4523 4544 15
4507 4545 19
4496 4546 19
4526 4547 7
4518 4548 2
4512 4549 8
4540 4550 1
4529 4551 14
4529 4552 4
4545 4553 2
4547 4554 14
4528 4555 17
4529 4556 2
4509 4557 20
4556 4558 15
4545 4559 12
4524 4560 16
4527 4561 1
4518 4562 12
4540 4563 10
4524 4564 2
4544 4565 15
4548 4566 16
4564 4567 19
4548 4568 9
4563 4569 11
4529 4570 17
4556 4571 6
4532 4572 10
4568 4573 15
4566 4574 18
4547 4575 20
4574 4576 2
4558 4577 18
4575 4578 7
4554 4579 16
4540 4580 15
4574 4581 6
4564 4582 12
4542 4583 8
4558 4584 13
4584 4585 9
4543 4586 1
4578 4587 11
4581 4588 11
4551 4589 15
4569 4590 2
4590 4591 19
4568 4592 9
4584 4593 18
4578 4594 8
4566 4595 2
4588 4596 1
4583 4597 18
4577 4598 8
4558 4599 8
4567 4600 19
4552 4601 13
4564 4602 6
4556 4603 16
4555 4604 4
4574 4605 19
4597 4606 15
4563 4607 15
4605 4608 7
4565 4609 4
4565 4610 18
4570 4611 6
4609 4612 8
4578 4613 3
4582 4614 6
4575 4615 20
4579 4616 12
4572 4617 2
4593 4618 4
4576 4619 8
4570 4620 10
4618 4621 4
4574 4622 4
4612 4623 6
4593 4624 2
4589 4625 4
4608 4626 14
4613 4627 13
4578 4628 11
4617 4629 16
4589 4630 13
4612 4631 16
4627 4632 14
4588 4633 16
4605 4634 8
4586 4635 19
4614 4636 10
4617 4637 5
4623 4638 8
4599 4639 5
4621 4640 18
4605 4641 7
4599 4642 3
4606 4643 4
4631 4644 17
4624 4645 3
4614 4646 10
4638 4647 17
4600 4648 15
4646 4649 13
4618 4650 4
4643 4651 13
4611 4652 19
4626 4653 17
4644 4654 16
4622 4655 5
4629 4656 2
4610 4657 14
4642 4658 3
4609 4659 8
4613 4660 2
4649 4661 1
4620 4662 5
4640 4663 9
4619 4664 6
4664 4665 17
4626 4666 19
4654 4667 1
4646 4668 12
4635 4669 6
4655 4670 7
4659 4671 2
4661 4672 9
4672 4673 11
4627 4674 19
4644 4675 11
4660 4676 20
4659 4677 14
4633 4678 13
4664 4679 12
4635 4680 2
4661 4681 5
4677 4682 15
4641 4683 6
4638 4684 14
4662 4685 18
4677 4686 10
4656 4687 6
4660 4688 15
4683 4689 19
4687 4690 16
4686 4691 20
4683 4692 13
4682 4693 6
4684 4694 11
4646 4695 16
4681 4696 15
4680 4697 4
4650 4698 18
4686 4699 19
4672 4700 14
4692 4701 8
4664 4702 6
4691 4703 13
4687 4704 13
4696 4705 16
4661 4706 7
4666 4707 18
4706 4708 6
4685 4709 11
4669 4710 20
4670 4711 2
4674 4712 17
4705 4713 16
4703 4714 19
4698 4715 6
4674 4716 3
4690 4717 14
4713 4718 2
4684 4719 15
4681 4720 6
4678 4721 17
4680 4722 7
4685 4723 1
4698 4724 19
4701 4725 7
4679 4726 8
4724 4727 9
4710 4728 5
4722 4729 15
4716 4730 6
4720 4731 19
4684 4732 20
4700 4733 7
4723 4734 6
4732 4735 5
4710 4736 17
4724 4737 3
4728 4738 1
4699 4739 16
4728 4740 20
4695 4741 3
4715 4742 5
4716 4743 5
4711 4744 12
4738 4745 9
4738 4746 6
4744 4747 17
4701 4748 7
4722 4749 8
4700 4750 3
4744 4751 8
4740 4752 5
4746 4753 10
4737 4754 1
4753 4755 3
4707 4756 5
4752 4757 15
4756 4758 2
4730 4759 18
4747 4760 13
4721 4761 7
4739 4762 13
4757 4763 7
4762 4764 19
4718 4765 4
4750 4766 8
4730 4767 7
4756 4768 14
4732 4769 12
4767 4770 6
4752 4771 4
4723 4772 6
4757 4773 8
4734 4774 10
4773 4775 18
4728 4776 19
4753 4777 9
4749 4778 7
4765 4779 4
4768 4780 13
4748 4781 5
4749 4782 8
4737 4783 7
4772 4784 3
4768 4785 7
4773 4786 10
4776 4787 10
4743 4788 11
4764 4789 10
4752 4790 7
4766 4791 9
4769 4792 15
4770 4793 12
4784 4794 12
4746 4795 10
4760 4796 11
4791 4797 4
4761 4798 3
4756 4799 17
4764 4800 13
4772 4801 12
4766 4802 10
4761 4803 20
4799 4804 7
4757 4805 18
4756 4806 14
4776 4807 4
4778 4808 16
4781 4809 14
4771 4810 17
4769 4811 7
4779 4812 2
4794 4813 18
4805 4814 2
4766 4815 9
4788 4816 3
4803 4817 2
4799 4818 1
4799 4819 5
4779 4820 3
4790 4821 2
4781 4822 2
4778 4823 15
4780 4824 1
4822 4825 3
4796 4826 4
4802 4827 7
4791 4828 9
4798 4829 10
4810 4830 9
4801 4831 4
4785 4832 13
4819 4833 20
4793 4834 4
4798 4835 3
4811 4836 15
4813 4837 19
4834 4838 2
4799 4839 18
4810 4840 19
4836 4841 3
4806 4842 3
4815 4843 20
4828 4844 16
4829 4845 20
4845 4846 9
4817 4847 18
4813 4848 17
4839 4849 8
4815 4850 16
4846 4851 15
4843 4852 7
4843 4853 1
4835 4854 9
4809 4855 8
4824 4856 14
4826 4857 16
4837 4858 14
4818 4859 9
4831 4860 18
4823 4861 9
4833 4862 12
4855 4863 5
4815 4864 17
4840 4865 2
4862 4866 1
4843 4867 19
4818 4868 11
4828 4869 16
4865 4870 18
4856 4871 19
4830 4872 20
4859 4873 11
4860 4874 18
4865 4875 4
4850 4876 15
4843 4877 18
4836 4878 7
4840 4879 6
4861 4880 11
4862 4881 13
4854 4882 1
4878 4883 3
4881 4884 11
4855 4885 16
4848 4886 15
4845 4887 13
4844 4888 6
4850 4889 12
4872 4890 9
4841 4891 3
4864 4892 20
4878 4893 19
4876 4894 6
4879 4895 13
4861 4896 18
4882 4897 10
4855 4898 9
4853 4899 9
4899 4900 16
4864 4901 11
4864 4902 4
4894 4903 9
4897 4904 18
4869 4905 2
4882 4906 18
4890 4907 12
4862 4908 13
4864 4909 13
4894 4910 2
4898 4911 8
4872 4912 19
4911 4913 13
4877 4914 2
4872 4915 16
4898 4916 16
4896 4917 12
4874 4918 3
4900 4919 16
4880 4920 9
4909 4921 14
4883 4922 13
4899 4923 15
4888 4924 2
4878 4925 14
4903 4926 3
4909 4927 16
4911 4928 18
4910 4929 19
4881 4930 14
4914 4931 18
4920 4932 6
4912 4933 13
4897 4934 12
4926 4935 18
4922 4936 2
4899 4937 18
4918 4938 2
4926 4939 11
4897 4940 4
4902 4941 15
4940 4942 7
4939 4943 2
4913 4944 14
4906 4945 15
4898 4946 3
4930 4947 3
4899 4948 9
4947 4949 13
4901 4950 7
4938 4951 20
4943 4952 18
4941 4953 12
4908 4954 8
4917 4955 6
4917 4956 18
4939 4957 2
4914 4958 7
4924 4959 12
4926 4960 5
4958 4961 19
4915 4962 11
4962 4963 11
4933 4964 5
4931 4965 3
4924 4966 7
4931 4967 18
4956 4968 5
4941 4969 16
4931 4970 18
4944 4971 3
4962 4972 15
4943 4973 6
4966 4974 5
4936 4975 7
4936 4976 20
4959 4977 4
4968 4978 3
4938 4979 13
4974 4980 6
4958 4981 13
4972 4982 3
4971 4983 18
4956 4984 7
4946 4985 13
4985 4986 12
4970 4987 15
4974 4988 3
4945 4989 14
4959 4990 8
4971 4991 7
4968 4992 12
4954 4993 19
4979 4994 11
4950 4995 7
4959 4996 5
4988 4997 15
4953 4998 5
4986 4999 10
4979 5000 17
687 2 5609
568 4 17497
168 4 5095
2914 1 1573
699 3 2927
3991 4 15845
595 6 13365
2474 8 3907
4153 5 11654
2567 6 1919
2504 8 1088
4732 6 20621
2230 3 6569
2575 6 19564
1642 4 18259
903 4 9831
3240 2 8428
4607 5 15266
