19 18 1
1 2 3
1 3 4
1 4 5
1 5 1
1 6 2
1 7 3
1 8 4
1 9 5
1 10 1
1 11 2
1 12 3
1 13 4
1 14 5
1 15 1
1 16 2
1 17 3
1 18 4
1 19 5
2 3 1000000000000000
3 1 1000000000000000
4 2 1000000000000000
5 3 1000000000000000
6 1 1000000000000000
7 2 1000000000000000
8 3 1000000000000000
9 1 1000000000000000
10 2 1000000000000000
11 3 1000000000000000
12 1 1000000000000000
13 2 1000000000000000
14 3 1000000000000000
15 1 1000000000000000
16 2 1000000000000000
17 3 1000000000000000
18 1 1000000000000000
19 2 1000000000000000
